[(0.2, 0.25, 0.25), ['Ofast', 'avx', 32, 48, 14, 6], 46.11]
[(0.2, 0.25, 0.5), ['O2', 'avx2', 31, 96, 4, 18], 45.13]
[(0.2, 0.25, 0.75), ['O3', 'avx512', 24, 80, 8, 6], 46.34]
[(0.2, 0.25, 1), ['O2', 'avx512', 31, 112, 8, 20], 47.73]
[(0.4, 0.25, 0.25), ['O2', 'avx', 32, 112, 8, 3], 46.61]
[(0.4, 0.25, 0.5), ['Ofast', 'avx512', 28, 112, 4, 34], 45.65]
[(0.4, 0.25, 0.75), ['O2', 'avx', 32, 32, 12, 8], 50.42]
[(0.4, 0.25, 1), ['O3', 'avx', 27, 64, 6, 26], 44.07]
[(0.6, 0.25, 0.25), ['Ofast', 'avx2', 29, 112, 14, 8], 48.87]
[(0.6, 0.25, 0.5), ['Ofast', 'avx2', 29, 96, 19, 5], 47.82]
[(0.6, 0.25, 0.75), ['O3', 'avx', 32, 80, 6, 12], 46.86]
[(0.6, 0.25, 1), ['O2', 'avx512', 29, 96, 76, 2], 45.81]
[(0.8, 0.25, 0.25), ['O2', 'avx2', 32, 64, 3, 8], 46.13]
[(0.8, 0.25, 0.5), ['Ofast', 'avx512', 28, 112, 112, 2], 43.59]
[(0.8, 0.25, 0.75), ['O3', 'avx2', 30, 112, 12, 5], 46.59]
[(0.8, 0.25, 1), ['Ofast', 'avx', 30, 112, 7, 11], 52.58]
[(0.2, 0.5, 0.25), ['O3', 'avx2', 29, 64, 3, 10], 49.43]
[(0.2, 0.5, 0.5), ['O3', 'avx2', 29, 112, 3, 23], 50.98]
[(0.2, 0.5, 0.75), ['O3', 'avx2', 31, 64, 11, 6], 46.56]
[(0.2, 0.5, 1), ['Ofast', 'avx2', 32, 80, 3, 20], 45.66]
[(0.4, 0.5, 0.25), ['Ofast', 'avx', 30, 96, 11, 6], 45.65]
[(0.4, 0.5, 0.5), ['Ofast', 'avx', 31, 80, 124, 2], 44.49]
[(0.4, 0.5, 0.75), ['Ofast', 'avx', 31, 112, 2, 67], 48.08]
[(0.4, 0.5, 1), ['O2', 'avx2', 29, 112, 53, 3], 45.92]
[(0.6, 0.5, 0.25), ['O2', 'avx', 32, 32, 8, 18], 47.11]
[(0.6, 0.5, 0.5), ['Ofast', 'avx', 29, 112, 27, 5], 45.78]
[(0.6, 0.5, 0.75), ['O2', 'avx512', 24, 112, 8, 5], 48.03]
[(0.6, 0.5, 1), ['Ofast', 'avx512', 31, 64, 23, 6], 46.99]
[(0.8, 0.5, 0.25), ['O2', 'avx2', 28, 64, 11, 8], 49.2]
[(0.8, 0.5, 0.5), ['Ofast', 'avx', 31, 112, 81, 1], 43.52]
[(0.8, 0.5, 0.75), ['Ofast', 'avx2', 30, 112, 108, 2], 47.07]
[(0.8, 0.5, 1), ['O2', 'avx512', 32, 96, 34, 4], 47.16]
[(0.2, 0.75, 0.25), ['Ofast', 'avx2', 30, 112, 26, 1], 45.65]
[(0.2, 0.75, 0.5), ['O3', 'avx512', 31, 112, 2, 67], 46.75]
[(0.2, 0.75, 0.75), ['Ofast', 'avx512', 32, 64, 3, 15], 50.38]
[(0.2, 0.75, 1), ['O2', 'avx2', 28, 64, 31, 5], 43.34]
[(0.4, 0.75, 0.25), ['Ofast', 'avx', 31, 112, 83, 2], 46.19]
[(0.4, 0.75, 0.5), ['O2', 'avx', 32, 64, 10, 6], 45.96]
[(0.4, 0.75, 0.75), ['Ofast', 'avx', 32, 112, 42, 1], 43.94]
[(0.4, 0.75, 1), ['O2', 'avx', 30, 112, 6, 12], 51.28]
[(0.6, 0.75, 0.25), ['Ofast', 'avx', 32, 112, 15, 9], 50.58]
[(0.6, 0.75, 0.5), ['Ofast', 'avx2', 31, 112, 12, 8], 46.49]
[(0.6, 0.75, 0.75), ['Ofast', 'avx', 29, 64, 3, 15], 46.27]
[(0.6, 0.75, 1), ['O3', 'avx2', 30, 64, 12, 10], 49.34]
[(0.8, 0.75, 0.25), ['O3', 'avx512', 31, 112, 83, 4], 47.22]
[(0.8, 0.75, 0.5), ['O3', 'avx', 31, 112, 23, 7], 45.94]
[(0.8, 0.75, 0.75), ['O2', 'avx', 31, 112, 19, 5], 50.21]
[(0.8, 0.75, 1), ['O2', 'avx2', 31, 96, 2, 17], 45.06]
[(0.2, 1, 0.25), ['Ofast', 'avx', 30, 64, 7, 13], 43.86]
[(0.2, 1, 0.5), ['O2', 'avx2', 32, 64, 8, 16], 47.16]
[(0.2, 1, 0.75), ['O2', 'avx2', 29, 32, 4, 18], 46.1]
[(0.2, 1, 1), ['Ofast', 'avx2', 24, 112, 2, 47], 44.13]
[(0.4, 1, 0.25), ['Ofast', 'avx2', 29, 64, 86, 4], 49.31]
[(0.4, 1, 0.5), ['Ofast', 'avx2', 31, 32, 10, 7], 47.96]
[(0.4, 1, 0.75), ['O3', 'avx512', 32, 96, 8, 23], 44.07]
[(0.4, 1, 1), ['O3', 'avx', 27, 64, 8, 7], 45.27]
[(0.6, 1, 0.25), ['O2', 'avx2', 29, 64, 6, 20], 47.4]
[(0.6, 1, 0.5), ['O2', 'avx512', 31, 64, 4, 9], 47.44]
[(0.6, 1, 0.75), ['O2', 'avx512', 30, 80, 2, 8], 43.77]
[(0.6, 1, 1), ['Ofast', 'avx2', 32, 112, 2, 7], 48.64]
[(0.8, 1, 0.25), ['O3', 'avx', 24, 112, 7, 13], 43.6]
[(0.8, 1, 0.5), ['Ofast', 'avx2', 32, 48, 34, 2], 49.2]
[(0.8, 1, 0.75), ['Ofast', 'avx', 28, 112, 29, 3], 50.21]
[(0.8, 1, 1), ['O3', 'avx512', 29, 112, 25, 1], 48.8]
[(0.2, 1.25, 0.25), ['O3', 'avx', 30, 112, 2, 68], 42.9]
