[(1.5, 1.5, 0.9), [0, 2, 32, 128, 1, 120], 49.32]
[(1.5, 1.5, 0.7), [2, 0, 18, 128, 1, 1], 42.55]
[(1.5, 1.5, 0.5), [0, 2, 32, 128, 4, 1], 51.05]
[(1.5, 2.5, 0.9), [2, 2, 32, 128, 117, 1], 48.38]
[(1.5, 2.5, 0.7), [2, 0, 32, 128, 22, 1], 50.84]
[(1.5, 2.5, 0.5), [0, 2, 32, 16, 1, 40], 40.52]
[(2.5, 1.5, 0.9), [0, 2, 32, 128, 1, 1], 51.45]
[(2.5, 1.5, 0.7), [1, 0, 32, 128, 1, 1], 50.25]
[(2.5, 1.5, 0.5), [0, 0, 32, 128, 75, 1], 50.04]
[(2.5, 2.5, 0.9), [2, 2, 32, 128, 1, 66], 48.14]
[(2.5, 2.5, 0.7), [2, 0, 32, 128, 128, 1], 51.62]
[(2.5, 2.5, 0.5), [2, 2, 32, 48, 1, 101], 41.4]
[(3.0, 1.5, 0.9), [2, 2, 32, 112, 1, 128], 51.77]
[(3.0, 1.5, 0.7), [1, 2, 32, 80, 1, 5], 47.16]
[(3.0, 1.5, 0.5), [0, 0, 31, 128, 1, 1], 47.07]
[(1.5, 3.0, 0.9), [2, 0, 32, 128, 1, 1], 46.97]
[(1.5, 3.0, 0.7), [0, 0, 32, 128, 128, 1], 50.57]
[(1.5, 3.0, 0.5), [0, 2, 32, 128, 128, 1], 50.97]
[(3.0, 3.0, 0.9), [2, 0, 32, 128, 128, 1], 50.32]
[(3.0, 3.0, 0.7), [2, 0, 32, 16, 1, 1], 46.67]
[(3.0, 3.0, 0.5), [2, 1, 32, 128, 1, 22], 54.83]
